NO ES FRAUDE: 
{
    "amount": 149.62,
    "V1": -1.3598,
    "V2": -0.07278,
    "V3": 2.5363,
    "V4": 1.3781,
    "V5": -0.3383,
    "V6": 0.4624,
    "V7": 0.2396,
    "V8": 0.0987,
    "V9": 0.3638,
    "V10": 0.0908,
    "V11": -0.5516,
    "V12": -0.6178,
    "V13": -0.9914,
    "V14": -0.3112,
    "V15": 1.4682,
    "V16": -0.4704,
    "V17": 0.2080,
    "V18": 0.0258,
    "V19": 0.4040,
    "V20": 0.2514,
    "V21": -0.0183,
    "V22": 0.2778,
    "V23": -0.1105,
    "V24": 0.0669,
    "V25": 0.1285,
    "V26": -0.1891,
    "V27": 0.1336,
    "V28": -0.0211
}
ES FRAUDE: 
{
  "amount": 0.0,
  "V1": -2.3122265423263,
  "V2": 1.95199201064158,
  "V3": -1.60985073229769,
  "V4": 3.9979055875468,
  "V5": -0.522187864667764,
  "V6": -1.42654531920595,
  "V7": -2.53738730624579,
  "V8": 1.39165724829804,
  "V9": -2.77008927719433,
  "V10": -2.77227214465915,
  "V11": 3.20203320709635,
  "V12": -2.89990738849473,
  "V13": -0.595221881324605,
  "V14": -4.28925378244217,
  "V15": 0.389724120274487,
  "V16": -1.14074717980657,
  "V17": -2.83005567450437,
  "V18": -0.0168224681808257,
  "V19": 0.416955705037907,
  "V20": 0.126910559061474,
  "V21": 0.517232370861764,
  "V22": -0.0350493686052974,
  "V23": -0.465211076182388,
  "V24": 0.320198198514526,
  "V25": 0.0445191674731724,
  "V26": 0.177839798284401,
  "V27": 0.261145002567677,
  "V28": -0.143275874698919  
}